image_width: 1920
image_height: 1080
camera_name: narrow_stereo
camera_matrix:
  rows: 3
  cols: 3
  data: [1071.31955,   -8.1962 ,  939.37064,
            0.     , 1075.42921,  484.21201,
            0.     ,    0.     ,    1.     ]
distortion_model: equidistant
distortion_coefficients:
  rows: 1
  cols: 4
  data: [-0.083623, 0.102169, -0.075069, 0.008893]
rectification_matrix:
  rows: 3
  cols: 3
  data: [1., 0., 0.,
         0., 1., 0.,
         0., 0., 1.]
projection_matrix:
  rows: 3
  cols: 4
  data: [1071.31955,   -8.1962 ,  939.37064,    0.     ,
            0.     , 1075.42921,  484.21201,    0.     ,
            0.     ,    0.     ,    1.     ,    0.     ]
